0781915
1261736
1596038
1604378
1663485
1687031
1746380
1800944
1814107
2094528
2221276
2256243
2291134
2500824
2588424
2860903
2991621
3097765
3635301
3647457
4204917
4205212
4230847
4302294
4372708
4710629
4796667
4996166
5046455
5127217
5390303
5630846
5925853
6212308
6312603
6757504
6858508
6887256
7871759
8009284
8126939
8244460
8332556
8404129
8704416
9075311
9529629
A267542
A613117
A754735
A762364
B213449
C041635
C081146
C435832
C543831
C586742
C905524
D132855
D550510
E353272
E558113
E647833
E717248
E771850
E797258
